FIELD_LABELS FZ IZ VOR PZ CAS MF AND AB 5-FC
CZPFK001 2 0.0625 0.0313 0.0313 0.0313 0.016 0.0313 0.25 0.125
CZPFK002 8 0.25 0.0625 0.125 0.25 0.5 2 0.25 0.125
CZPFK003 1 0.0625 0.0313 0.0625 0.5 0.5 1 1 0.125
CZPFK004 0.5 0.0625 0.0313 0.0313 0.0313 0.016 0.0625 0.25 0.125
CZPFK005 2 0.25 0.125 0.25 0.0313 0.0313 0.0313 1 0.125
CZPFK006 4 0.25 0.5 0.5 0.0313 0.0313 0.0313 1 0.125
CZPFK007 32 1 2 2 0.0625 0.016 0.0313 0.5 0.125
CZPFK008 16 0.5 1 1 0.0625 0.016 0.0313 0.5 0.125
CZPFK009 0.5 0.0625 0.0313 0.0313 0.0313 0.016 0.016 0.25 0.125
CZPFK010 1 0.0625 0.0313 0.0625 0.5 1 1 0.25 0.125
CZPFK011 0.5 0.0625 0.0313 0.0313 0.0313 0.016 0.016 0.25 0.125
CZPFK012 0.5 0.0625 0.0313 0.0313 0.0313 0.016 0.0313 0.25 0.125
CZPFK013 2 0.0625 0.0313 0.0625 0.0313 0.016 0.0313 0.25 0.125
CZPFK014 16 1 16 1 0.0313 0.0313 0.0313 1 0.125
CZPFK015 0.5 0.125 0.0313 0.0625 0.5 1 1 0.25 0.125
CZPFK016 32 2 2 2 0.0625 0.016 0.0313 0.5 0.125
CZPFK017 0.25 0.0313 0.0313 0.0313 0.016 0.016 0.0313 0.125 0.125
CZPFK018 0.5 0.0313 0.0313 0.0313 0.25 0.5 1 0.25 0.125
CZPFK019 1 0.0625 0.0313 0.0313 0.0313 0.016 0.016 0.25 0.125
CZPFK020 1 0.125 0.0313 0.0313 0.016 0.016 0.0625 0.25 0.125
CZPFK022 4 0.25 0.125 0.5 0.125 0.125 0.125 1 0.125
CZPFK023 128 16 8 8 0.0625 0.016 0.0313 0.5 0.125
CZPFK024 0.25 0.0625 0.0313 0.0625 0.25 0.5 0.5 0.5 0.125
CZPFK025 0.5 0.0625 0.0313 0.0625 0.5 1 2 0.5 0.125
CZPFK026 32 0.5 0.5 1 0.0313 0.016 0.0313 1 0.125
CZPFK027 1 0.0625 0.0313 0.0313 0.016 0.016 0.016 0.5 0.125
CZPFK028 0.5 0.0625 0.0313 0.0313 0.5 0.5 1 0.25 0.125
CZPFK029 4 0.25 0.0625 0.125 0.0313 0.0625 0.0625 0.5 2
CZPFK030 0.5 0.0625 0.0313 0.0313 0.0313 0.0313 0.0625 0.5 64
CZPFK031 0.5 0.0625 0.0313 0.0625 0.5 1 1 0.25 0.25
CZPFK032 8 0.5 1 1 0.0313 0.0313 0.125 1 0.125
CZPFK033 0.25 0.0625 0.0313 0.0625 0.5 1 1 0.125 0.125
CZPFK035 0.5 0.0625 0.0313 0.0625 0.5 1 1 0.5 0.125
CZPFK036 32 1 1 2 0.0313 0.016 0.016 0.25 0.125
CZPFK037 0.5 0.0625 0.0313 0.0313 0.016 0.016 0.016 0.25 0.125
CZPFK038 0.5 0.0625 0.0313 0.0625 0.25 1 1 0.25 0.125
CZPFK039 0.5 0.125 0.0313 0.125 1 1 0.5 0.5 0.125
CZPFK040 0.5 0.0625 0.0313 0.0625 0.5 1 0.5 0.5 0.125
CZPFK041 0.5 0.0625 0.0313 0.0625 0.5 1 1 0.25 0.125
CZPFK042 0.25 0.0313 0.0313 0.0313 0.25 0.25 0.125 0.125 0.125
CZPFK043 4 0.25 0.0625 0.25 0.5 0.5 2 0.25 0.125
CZPFK044 0.5 0.0625 0.0313 0.0313 0.5 0.5 1 0.25 0.125
CZPFK045 16 16 16 16 0.0625 0.125 0.0625 2 0.125
CZPFK047 0.5 0.0625 0.0313 0.0313 0.0625 0.016 0.0625 0.25 0.125
CZPFK048 2 0.25 0.25 0.25 0.0625 0.0313 0.125 1 0.125
CZPFK049 4 0.125 0.125 0.0625 0.5 0.5 1 0.5 0.125
CZPFK050 1 0.0313 0.0313 0.0313 0.25 0.25 0.5 0.25 0.125
CZPFK052 0.5 0.125 0.0313 0.0313 0.0625 0.016 0.125 0.25 0.125
CZPFK053 0.5 0.0625 0.0313 0.0313 0.5 0.5 2 0.25 0.125
CZPFK054 16 0.5 0.5 0.25 0.5 0.125 0.0625 1 8
CZPFK055 16 1 16 1 0.0313 0.0313 0.125 1 0.125
CZPFK057 32 1 1 1 0.0313 0.016 0.0313 1 0.125
CZPFK058 4 0.25 0.25 0.25 0.016 0.016 0.016 0.5 0.5
CZPFK059 1 0.125 0.0313 0.0625 0.0313 0.016 0.0625 0.25 0.125
CZPFK061 8 1 0.5 1 0.0625 0.016 0.0313 0.25 0.125
CZPFK062 0.25 0.0313 0.0313 0.0313 0.0625 0.016 0.0625 0.5 0.125
CZPFK063 1 0.125 0.0313 0.0625 0.0313 0.016 0.0625 0.25 0.125
CZPFK064 8 0.5 0.25 0.5 0.0625 0.016 0.0313 0.25 0.125
CZPFK065 4 0.125 0.5 0.0625 0.016 0.016 0.016 0.25 0.25
CZPFK066 0.5 0.0625 0.0313 0.0313 0.0625 0.016 0.0625 0.5 0.125
CZPFK067 16 16 8 8 0.0313 0.016 0.016 0.25 0.125
CZPFK068 0.5 0.0313 0.0313 0.0313 0.5 0.5 1 0.5 0.125
CZPFK069 0.5 0.0625 0.0313 0.0313 0.0313 0.016 0.0625 0.5 0.125
CZPFK070 0.25 0.0625 0.0313 0.0313 0.0313 0.016 0.0313 0.5 0.125
CZPFK071 0.25 0.0313 0.0313 0.0313 0.25 0.25 0.125 0.125 0.125
CZPFK072 0.5 0.0625 0.0313 0.0313 0.016 0.016 0.016 0.25 0.125
CZPFK073 0.5 0.0313 0.125 0.125 0.016 0.0313 0.016 0.5 0.125
CZPFK074 1 0.0625 0.0313 0.0313 0.0313 0.016 0.016 0.25 0.125
CZPFK075 0.5 0.0625 0.0313 0.0625 0.5 1 1 0.25 0.25
CZPFK076 2 0.25 0.0313 0.25 0.25 0.5 1 0.125 64
CZPFK077 0.5 0.0625 0.0313 0.0625 0.5 1 1 0.5 0.125
CZPFK078 2 0.0313 0.0625 0.0625 0.0625 0.016 0.016 0.5 0.125
CZPFK079 0.5 0.0313 0.125 0.0313 0.016 0.016 0.016 0.25 0.125
CZPFK080 1 0.0625 0.0313 0.0313 0.016 0.016 0.016 0.25 0.5
CZPFK081 0.5 0.0625 0.0313 0.0313 0.5 1 1 0.25 0.125
CZPFK082 16 1 8 1 0.0313 0.0313 0.0313 1 0.125
CZPFK083 64 4 2 2 0.0313 0.016 0.0313 1 0.125
CZPFK084 16 16 8 8 0.016 0.016 0.016 0.25 0.125
CZPFK085 0.5 0.0625 0.0313 0.0625 0.5 1 1 0.25 0.125
CZPFK086 256 16 4 8 0.0313 0.016 0.016 0.5 0.125
CZPFK087 16 0.5 8 0.5 0.125 0.0313 0.125 0.5 0.125
CZPFK088 16 1 8 2 0.016 0.0313 0.0313 1 0.125
CZPFK089 256 16 4 8 0.0313 0.016 0.016 0.5 0.125
CZPFK090 16 16 16 16 0.016 0.016 0.016 0.5 0.125
CZPFK091 64 2 2 8 0.0313 0.016 0.016 0.5 0.125
CZPFK092 16 0.25 1 0.125 0.5 0.5 0.25 0.25 0.125
CZPFK093 16 0.5 1 0.5 0.125 0.125 0.0313 0.5 8
CZPFK094 1 0.125 0.0625 0.0625 0.5 1 1 0.25 0.125
CZPFK095 0.25 0.0313 0.0313 0.0313 0.016 0.016 0.016 0.25 0.125
CZPFK096 2 0.0625 0.25 0.125 0.016 0.016 0.016 1 0.125
CZPFK097 4 0.0625 0.125 0.0625 0.5 0.5 0.5 0.125 0.125
CZPFK098 0.25 0.0625 0.0313 0.0313 0.5 1 2 0.5 0.125
CZPFK099 4 0.25 0.0625 0.25 0.25 1 1 0.25 64
CZPFK101 64 0.5 1 1 0.0313 0.016 0.0313 0.5 0.125
CZPFK102 16 0.25 1 0.25 0.5 0.5 0.5 0.5 0.125
CZPFK104 16 1 0.5 2 0.0625 0.016 0.0313 0.5 0.125
CZPFK106 4 0.25 0.0625 0.25 0.25 0.5 0.5 0.25 0.125
CZPFK107 16 16 8 0.0313 0.0625 0.016 0.0313 0.5 0.125
CZPFK108 0.25 0.0313 0.0313 0.0313 0.25 0.25 0.125 0.125 0.125
CZPFK109 0.25 0.0625 0.0313 0.0313 0.5 1 1 0.5 0.125
CZPFK110 2 0.5 0.125 0.125 0.0625 1 0.0625 0.5 0.125
CZPFK111 0.5 0.0625 0.0313 0.0313 0.5 1 1 0.5 0.125
CZPFK112 16 16 16 16 0.0625 0.125 0.125 8 0.125
CZPFK113 16 1 1 1 0.0313 0.016 0.016 0.25 0.125
CZPFK114 1 0.0625 0.0313 0.0625 0.25 0.5 0.5 0.125 0.125
CZPFK115 1 0.125 0.0313 0.0625 0.125 0.25 0.125 0.25 0.125
CZPFK116 128 16 0.5 1 0.016 0.016 0.016 0.5 64